rotation R_STW
{
	initVal  = 0
	maxVal   = 10.85   			// 1.75 * 2 * pi
	minVal   = -10.85  			// 1.75 * 2 * pi
	centroid = -0.379, 0.62, 1.008
	vector   = 	0,-0.907037,0.421051

}
rotation R_SPEED
{
	initVal  = 0
	maxVal   = 6.28   			// 1.5 * 2 * pi
	minVal   = 0.25 // 0.25 rad more compared to the position when minVal is 0°
	centroid = -0.299, 0.792, 1.107
	vector   = 0.000000,0.941919,-0.335839
}
rotation R_RPM
{
	initVal  = 0
	maxVal   = 6.28   			// 1.5 * 2 * pi
	minVal   = 0.15
	centroid = -0.464, 0.792, 1.107
	vector   = 0.000000,0.941919,-0.335839
}
